1.233478873559433305e+04
7.322445447477439195e-01
9.550096343224504380e+03
2.385816284550419664e-02
3.789628041019324538e-05
3.052199502798527003e-02
6.755901380852980800e-04
3.025232784441226006e-05
6.218820385659323633e+07
4.230654621282409707e-06
1.609489220943446652e-01
2.680082080575310215e+02
4.234944965302997298e+04
8.321736047977909038e+03
2.260469725936889347e+02
1.229105425572428794e+05
4.674894798990482741e+03
1.428670827012880909e+04
1.740538794596793377e+04
7.363297009403964921e+02
1.127359022993993422e+05
1.877333149120597909e+03
1.277407498553308142e+04
1.760594368823998593e+04
2.577061179306848499e+04
5.784736245389550277e+03
7.944378560714555988e+02
1.716489090636498804e+04
3.337545577418441553e+03
3.975959450863635539e+03
1.976753914028126502e-01
7.421269946609495571e-01